0
0
4
15.000000
1000.000000
40.000000
1

200.000000
1.000000
-1

20.000000
0.100000
1

1000.000000
0.100000
-1

1
0
4
15.000000
200.000000
1.000000
1

1000.000000
40.000000
-1

20.000000
0.100000
1

1000.000000
0.100000
-1

0
0
12
15.000000
200.000000
1.000000
-1

200.000000
0.100000
1

20.000000
40.000000
1

1000.000000
1.000000
1

20.000000
10.000000
-1

20.000000
1.000000
-1

20.000000
0.100000
1

1000.000000
0.100000
-1

1000.000000
40.000000
-1

200.000000
10.000000
1

1000.000000
10.000000
-1

200.000000
40.000000
1

0
1
24
15.000000
20.000000
40.000000
-1

200.000000
10.000000
1

1000.000000
10.000000
1

200.000000
0.100000
1

200.000000
40.000000
1

1000.000000
0.100000
-1

1000.000000
1.000000
-1

20.000000
1.000000
1

200.000000
1.000000
-1

20.000000
0.100000
1

20.000000
10.000000
1

1000.000000
40.000000
1

1000.000000
40.000000
1

1000.000000
0.100000
1

20.000000
40.000000
1

20.000000
0.100000
1

200.000000
1.000000
1

20.000000
1.000000
-1

200.000000
40.000000
-1

1000.000000
1.000000
1

200.000000
0.100000
-1

200.000000
10.000000
-1

1000.000000
10.000000
-1

20.000000
10.000000
-1

0
1
24
15.000000
20.000000
1.000000
1

200.000000
40.000000
1

1000.000000
10.000000
-1

1000.000000
0.100000
1

20.000000
40.000000
-1

1000.000000
1.000000
-1

1000.000000
40.000000
1

20.000000
0.100000
1

200.000000
0.100000
-1

200.000000
1.000000
1

200.000000
10.000000
1

20.000000
10.000000
-1

1000.000000
1.000000
-1

20.000000
0.100000
-1

200.000000
10.000000
-1

20.000000
40.000000
-1

200.000000
0.100000
-1

20.000000
1.000000
-1

1000.000000
0.100000
1

200.000000
40.000000
1

20.000000
10.000000
1

1000.000000
10.000000
-1

200.000000
1.000000
1

1000.000000
40.000000
-1

1
0
12
15.000000
200.000000
1.000000
-1

200.000000
0.100000
1

20.000000
40.000000
1

1000.000000
1.000000
1

20.000000
10.000000
-1

20.000000
1.000000
-1

20.000000
0.100000
1

1000.000000
0.100000
-1

1000.000000
40.000000
-1

200.000000
10.000000
1

1000.000000
10.000000
-1

200.000000
40.000000
1

1
1
24
15.000000
20.000000
40.000000
1

1000.000000
0.100000
-1

200.000000
40.000000
-1

1000.000000
10.000000
1

20.000000
10.000000
1

1000.000000
40.000000
1

20.000000
0.100000
-1

200.000000
1.000000
1

200.000000
10.000000
1

200.000000
0.100000
-1

1000.000000
1.000000
-1

20.000000
1.000000
-1

1000.000000
0.100000
-1

1000.000000
1.000000
1

1000.000000
40.000000
1

20.000000
10.000000
1

200.000000
10.000000
-1

20.000000
0.100000
1

1000.000000
10.000000
1

20.000000
40.000000
1

200.000000
40.000000
-1

200.000000
0.100000
1

20.000000
1.000000
1

200.000000
1.000000
-1

1
1
24
15.000000
200.000000
1.000000
-1

20.000000
40.000000
1

20.000000
10.000000
1

200.000000
40.000000
-1

1000.000000
0.100000
-1

200.000000
10.000000
1

1000.000000
40.000000
-1

1000.000000
1.000000
1

20.000000
1.000000
1

1000.000000
10.000000
1

200.000000
0.100000
1

20.000000
0.100000
-1

1000.000000
10.000000
1

20.000000
40.000000
1

1000.000000
40.000000
1

1000.000000
1.000000
1

1000.000000
0.100000
-1

20.000000
0.100000
-1

20.000000
10.000000
1

200.000000
1.000000
1

200.000000
10.000000
1

20.000000
1.000000
1

200.000000
0.100000
1

200.000000
40.000000
1

